[t, speed, vF, vL, heading vs road deg, G.pinned, wall hits in 6 frames, deepest, omega, wheel deg, u]
[0.02,0,0,0,60,0,0,0,0,0,0]
[0.12,0.75,0.75,0,60,0,0,0,0,0,5.87]
[0.22,0.04,0,-0.04,60,0.07,5,0.006,0.01,0,5.88]
[0.32,0.04,0,-0.03,60.1,0.17,6,0.001,0.01,0,5.88]
[0.42,0.03,0,-0.03,60.1,0.27,6,0.001,0.01,0,5.88]
[0.52,0.03,0,-0.03,59.7,0.37,6,0.001,0,0,5.88]
[0.62,0.04,0,-0.04,58.7,0.03,5,0.003,0.01,0,5.89]
[0.72,0.04,0,-0.04,58.7,0.13,6,0.001,0.01,0,5.89]
[0.82,0.04,0,-0.04,58.7,0.23,6,0.001,0.01,0,5.89]
[0.92,0.04,0,-0.04,58.7,0.33,6,0.001,0,0,5.89]
[1.02,0.07,0,-0.07,57.8,0.02,5,0.003,0.02,0,5.89]
[1.12,0.04,0,-0.04,57.8,0.12,6,0.001,0.01,0,5.89]
[1.22,0.04,0,-0.04,57.8,0.22,6,0.001,0.01,0,5.89]
[1.32,0.04,0,-0.04,57.8,0.32,6,0.001,0,0,5.89]
[1.42,0.13,0.13,0,56.9,0,5,0.001,0,0,5.89]
[1.52,0.04,0,-0.04,56.9,0.1,6,0.003,0.01,0,5.89]
[1.62,0.04,0,-0.04,56.9,0.2,6,0.001,0.01,0,5.89]
[1.72,0.04,0,-0.04,56.9,0.3,6,0.001,0.01,0,5.89]
[1.82,0.04,0.01,-0.04,56,0.4,6,0.001,0,0,5.89]
[1.92,0.04,0.01,-0.04,56,0.08,5,0.003,0.01,0,5.89]
[2.02,0.04,0.01,-0.04,56,0.18,6,0.001,0.01,0,5.89]
[2.12,0.04,0.01,-0.04,56,0.28,6,0.001,0.01,0,5.89]
[2.22,0.04,0.01,-0.04,55.4,0.38,6,0.001,0,0,5.9]
[2.32,0.05,0.01,-0.05,55,0.07,5,0.003,0.01,0,5.9]
[2.42,0.05,0.01,-0.05,55,0.17,6,0.001,0.01,0,5.9]
[2.52,0.05,0.01,-0.05,55,0.27,6,0.001,0.01,0,5.9]
[2.62,0.05,0.01,-0.05,54.7,0.37,6,0.001,0,0,5.9]
[2.72,0.05,0.01,-0.05,54.5,0.07,5,0.003,0,0,5.9]
[2.82,0.05,0.01,-0.05,54.5,0.17,6,0.001,0,0,5.9]
[2.92,0.05,0.01,-0.05,54.5,0.27,6,0.001,0,0,5.9]
[3.02,0.05,0.01,-0.05,54.1,0.37,6,0.001,0,0,5.9]
[3.12,0.05,0.01,-0.05,53.9,0.07,5,0.003,0,0,5.9]
[3.22,0.05,0.01,-0.05,53.9,0.17,6,0.001,0,0,5.9]
[3.32,0.05,0.01,-0.05,53.9,0.27,6,0.001,0,0,5.9]
[3.42,0.05,0.01,-0.05,53.5,0.37,6,0.001,0,0,5.9]
[3.52,0.05,0.02,-0.05,53.3,0.07,5,0.003,0,0,5.91]
[3.62,0.05,0.02,-0.05,53.3,0.17,6,0.001,0,0,5.91]
[3.72,0.05,0.02,-0.05,53.3,0.27,6,0.001,0,0,5.91]
[3.82,0.05,0.02,-0.05,52.9,0.37,6,0.001,0,0,5.91]
[3.92,0.06,0.02,-0.05,52.7,0.07,5,0.003,0,0,5.91]
[4.02,0.06,0.02,-0.05,52.7,0.17,6,0.001,0,0,5.91]
