[t, speed, vF, vL, heading vs road deg, G.pinned, wall hits in 6 frames, deepest, omega, wheel deg, u]
[0.02,0,0,0,60,0,0,0,0,0,0]
[0.12,0.75,0.75,0,60,0,0,0,0,0,5.87]
[0.22,0.04,0,-0.04,60,0.1,5,0.006,0.01,0,5.88]
[0.32,0.04,0,-0.03,60.1,0.2,6,0.001,0.01,0,5.88]
[0.42,0.04,0,-0.03,60.1,0.3,6,0.001,0,0,5.88]
[0.52,0.03,0,-0.03,59.1,0.4,6,0.001,0,0,5.88]
[0.62,0.12,0.01,-0.12,54.8,0.5,3,0.001,0,0,5.89]
[0.72,0.77,0.77,0,47.3,0.6,0,0,0,0,5.92]
[0.82,0.81,0.6,-0.55,39.3,0.7,1,0.002,0,0,5.99]
[0.92,1.31,1.31,0,31.6,0.8,0,0,0,0,6.04]
[1.02,2.02,2.02,0,25.2,0.9,0,0,0,0,6.12]
[1.12,2.72,2.72,0,20.2,1,0,0,0,0,6.21]
[1.22,2.94,2.85,-0.74,18.7,0.02,1,0.008,-0.17,0,6.31]
[1.32,3.06,2.99,-0.64,17.5,0,6,0.003,-0.27,-3,6.33]
[1.42,3.25,3.2,-0.58,16,0,6,0.002,-0.29,-3,6.36]
[1.52,3.48,3.44,-0.55,14.4,0,6,0.002,-0.28,-3,6.39]
[1.62,3.75,3.72,-0.53,12.9,0,6,0.002,-0.27,-4,6.42]
[1.72,4.07,4.04,-0.5,11.5,0,6,0.002,-0.26,-4,6.45]
[1.82,4.43,4.4,-0.48,10.1,0,6,0.002,-0.25,-4,6.48]
[1.92,4.84,4.82,-0.44,8.8,0,6,0.002,-0.24,-4,6.5]
[2.02,5.3,5.29,-0.4,7.5,0,6,0.001,-0.23,-4,6.53]
[2.12,5.82,5.81,-0.36,6.2,0,6,0.001,-0.22,-4,6.56]
[2.22,6.37,6.36,-0.3,5,0,6,0.001,-0.21,-3,6.58]
[2.32,6.94,6.94,-0.25,4,0,6,0.001,-0.18,-3,6.61]
[2.42,7.53,7.53,-0.19,3,0,6,0.001,-0.16,-2,6.63]
[2.52,8.14,8.14,-0.14,2.2,0,6,0,-0.13,-1,6.65]
[2.62,8.76,8.76,-0.09,1.5,0,6,0,-0.11,-1,6.66]
[2.72,9.39,9.39,-0.05,1,0,6,0,-0.08,-1,6.68]
[2.82,10.02,10.02,-0.02,0.6,0,6,0,-0.06,0,6.68]
[2.92,10.66,10.66,0.01,0.3,0,6,0,-0.04,0,6.69]
[3.02,11.29,11.29,0.02,0.1,0,5,0,-0.03,0,6.7]
[3.12,11.91,11.91,0,0,0,3,0,-0.01,0,6.7]
[3.22,12.53,12.53,0,-0.1,0,0,0,0,0,6.7]
[3.32,13.16,13.16,0,-0.1,0,0,0,0,0,6.7]
[3.42,13.78,13.78,0,-0.1,0,0,0,0,0,6.69]
[3.52,14.39,14.39,0,-0.1,0,0,0,0,0,6.69]
[3.62,15.01,15.01,0,-0.1,0,0,0,0,0,6.69]
[3.72,15.62,15.62,0,-0.1,0,0,0,0,0,6.69]
[3.82,16.23,16.23,0,-0.1,0,0,0,0,0,6.68]
[3.92,16.83,16.83,0,-0.1,0,0,0,0,0,6.68]
[4.02,17.43,17.43,0,-0.1,0,0,0,0,0,6.68]
